0 0.059375 0.475 0.0078125 0.020833333333333332
0 0.09453125 0.540625 0.00546875 0.019791666666666666
0 0.10234375 0.5208333333333334 0.0140625 0.019791666666666666
0 0.1265625 0.5208333333333334 0.00859375 0.0125
0 0.13125 0.4197916666666667 0.01171875 0.025
0 0.165625 0.5114583333333333 0.0078125 0.015625
0 0.165625 0.5614583333333333 0.0078125 0.028125
0 0.16953125 0.34270833333333334 0.0125 0.030208333333333334
0 0.1921875 0.38958333333333334 0.01171875 0.023958333333333335
0 0.2359375 0.4635416666666667 0.01484375 0.034375
0 0.2671875 0.4239583333333333 0.0078125 0.022916666666666665
0 0.2796875 0.5114583333333333 0.01015625 0.020833333333333332
0 0.290625 0.453125 0.01640625 0.028125
