0 0.009375 0.7927083333333333 0.01875 0.01875
0 0.0109375 0.9229166666666667 0.021875 0.020833333333333332
0 0.0140625 0.771875 0.02734375 0.01875
0 0.0171875 0.8302083333333333 0.034375 0.027083333333333334
0 0.03359375 0.94375 0.0671875 0.053125
0 0.5 0.36770833333333336 0.99921875 0.7333333333333333
0 0.01015625 0.5072916666666667 0.0125 0.010416666666666666
0 0.01953125 0.7479166666666667 0.0265625 0.013541666666666667
0 0.01953125 0.7302083333333333 0.02421875 0.008333333333333333
0 0.025 0.7166666666666667 0.02421875 0.0125
0 0.02109375 0.7375 0.0140625 0.009375
0 0.02734375 0.584375 0.02421875 0.020833333333333332
0 0.03203125 0.8072916666666666 0.02734375 0.016666666666666666
0 0.034375 0.69375 0.0265625 0.011458333333333333
0 0.04453125 0.7072916666666667 0.0234375 0.014583333333333334
0 0.046875 0.7302083333333333 0.021875 0.01875
0 0.046875 0.778125 0.01328125 0.021875
0 0.071875 0.8239583333333333 0.0453125 0.015625
0 0.07265625 0.790625 0.0359375 0.020833333333333332
0 0.0640625 0.7520833333333333 0.01796875 0.01875
0 0.07734375 0.8552083333333333 0.03125 0.023958333333333335
0 0.07265625 0.7270833333333333 0.01953125 0.010416666666666666
0 0.0953125 0.76875 0.0421875 0.014583333333333334
0 0.1109375 0.8010416666666667 0.03359375 0.022916666666666665
0 0.12265625 0.9479166666666666 0.0515625 0.03958333333333333
0 0.10625 0.7083333333333334 0.0171875 0.00625
0 0.11015625 0.71875 0.02265625 0.010416666666666666
0 0.11328125 0.7 0.0234375 0.013541666666666667
0 0.11640625 0.7625 0.0265625 0.015625
0 0.13203125 0.7229166666666667 0.0328125 0.014583333333333334
0 0.12578125 0.7354166666666667 0.015625 0.0125
0 0.13359375 0.7854166666666667 0.0296875 0.01875
0 0.14140625 0.825 0.03203125 0.029166666666666667
0 0.153125 0.8885416666666667 0.05546875 0.041666666666666664
0 0.15546875 0.8479166666666667 0.0375 0.022916666666666665
0 0.1609375 0.7416666666666667 0.028125 0.01875
0 0.1671875 0.7708333333333334 0.0390625 0.020833333333333332
0 0.1734375 0.7270833333333333 0.0265625 0.014583333333333334
0 0.1765625 0.8177083333333334 0.0328125 0.017708333333333333
0 0.17421875 0.69375 0.0234375 0.011458333333333333
0 0.196875 0.7083333333333334 0.0265625 0.0125
0 0.196875 0.69375 0.0171875 0.011458333333333333
0 0.19921875 0.8 0.01796875 0.015625
0 0.20625 0.78125 0.0328125 0.019791666666666666
0 0.20390625 0.721875 0.021875 0.014583333333333334
0 0.209375 0.746875 0.02421875 0.026041666666666668
0 0.2265625 0.8354166666666667 0.03984375 0.019791666666666666
0 0.2296875 0.8125 0.0375 0.029166666666666667
0 0.228125 0.734375 0.021875 0.014583333333333334
0 0.2421875 0.759375 0.03125 0.01875
0 0.24140625 0.7135416666666666 0.021875 0.014583333333333334
0 0.253125 0.790625 0.0265625 0.020833333333333332
0 0.25 0.7395833333333334 0.0203125 0.010416666666666666
0 0.26640625 0.7770833333333333 0.0265625 0.011458333333333333
0 0.26171875 0.71875 0.0125 0.014583333333333334
0 0.2859375 0.9208333333333333 0.0484375 0.03229166666666667
0 0.27265625 0.7270833333333333 0.0140625 0.011458333333333333
0 0.29296875 0.8145833333333333 0.04453125 0.015625
0 0.29375 0.734375 0.02421875 0.014583333333333334
0 0.29375 0.7614583333333333 0.02421875 0.015625
0 0.296875 0.7125 0.015625 0.0125
0 0.321875 0.9729166666666667 0.05703125 0.0375
0 0.3125 0.7041666666666667 0.01953125 0.011458333333333333
0 0.3203125 0.746875 0.021875 0.013541666666666667
0 0.3234375 0.78125 0.02734375 0.020833333333333332
0 0.32734375 0.721875 0.021875 0.011458333333333333
0 0.33984375 0.8416666666666667 0.04140625 0.01875
0 0.33984375 0.8197916666666667 0.0359375 0.014583333333333334
0 0.33828125 0.6927083333333334 0.0171875 0.008333333333333333
0 0.340625 0.7020833333333333 0.01953125 0.00625
0 0.3578125 0.7927083333333333 0.0375 0.015625
0 0.3578125 0.7697916666666667 0.0359375 0.015625
0 0.353125 0.7291666666666666 0.0171875 0.020833333333333332
0 0.36953125 0.809375 0.04375 0.016666666666666666
0 0.3765625 0.878125 0.05078125 0.027083333333333334
0 0.3640625 0.7 0.0203125 0.016666666666666666
0 0.37265625 0.7520833333333333 0.03046875 0.010416666666666666
0 0.3796875 0.784375 0.0328125 0.014583333333333334
0 0.371875 0.703125 0.0171875 0.010416666666666666
0 0.3921875 0.71875 0.0234375 0.008333333333333333
0 0.39921875 0.73125 0.025 0.020833333333333332
0 0.4140625 0.7604166666666666 0.028125 0.014583333333333334
0 0.425 0.7208333333333333 0.021875 0.010416666666666666
0 0.44140625 0.7739583333333333 0.0234375 0.013541666666666667
0 0.44375 0.7927083333333333 0.01953125 0.020833333333333332
0 0.465625 0.8229166666666666 0.06328125 0.034375
0 0.4484375 0.7354166666666667 0.01953125 0.015625
0 0.453125 0.7072916666666667 0.0234375 0.014583333333333334
0 0.4640625 0.7270833333333333 0.02421875 0.011458333333333333
0 0.47109375 0.7541666666666667 0.03046875 0.01875
0 0.47421875 0.7510416666666667 0.02734375 0.011458333333333333
0 0.48203125 0.834375 0.0390625 0.011458333333333333
0 0.4953125 0.9333333333333333 0.065625 0.027083333333333334
0 0.48046875 0.8104166666666667 0.03125 0.026041666666666668
0 0.49765625 0.9625 0.06484375 0.041666666666666664
0 0.4796875 0.771875 0.02890625 0.020833333333333332
0 0.490625 0.8541666666666666 0.0484375 0.023958333333333335
0 0.49453125 0.7947916666666667 0.0375 0.01875
0 0.5171875 0.8875 0.0609375 0.03333333333333333
0 0.50546875 0.9947916666666666 0.01796875 0.009375
0 0.5265625 0.78125 0.0359375 0.019791666666666666
0 0.525 0.7552083333333334 0.02578125 0.013541666666666667
0 0.546875 0.740625 0.0265625 0.015625
0 0.54375 0.7270833333333333 0.01796875 0.010416666666666666
0 0.5453125 0.7145833333333333 0.0171875 0.009375
0 0.5578125 0.7739583333333333 0.0328125 0.0125
0 0.565625 0.828125 0.0453125 0.020833333333333332
0 0.559375 0.7114583333333333 0.02421875 0.009375
0 0.5671875 0.790625 0.03046875 0.023958333333333335
0 0.5828125 0.765625 0.03359375 0.026041666666666668
0 0.609375 0.9572916666666667 0.05546875 0.034375
0 0.6796875 0.25 0.1609375 0.12083333333333333
0 0.6171875 0.775 0.03125 0.017708333333333333
0 0.61796875 0.7447916666666666 0.0296875 0.015625
0 0.615625 0.7125 0.01953125 0.014583333333333334
0 0.6171875 0.7520833333333333 0.0234375 0.017708333333333333
0 0.6296875 0.728125 0.0328125 0.010416666666666666
0 0.6359375 0.6302083333333334 0.02890625 0.026041666666666668
0 0.6328125 0.6916666666666667 0.01640625 0.00625
0 0.634375 0.7052083333333333 0.01796875 0.010416666666666666
0 0.6640625 0.921875 0.06953125 0.03958333333333333
0 0.6546875 0.7177083333333333 0.025 0.023958333333333335
0 0.64921875 0.6166666666666667 0.0046875 0.027083333333333334
0 0.66171875 0.70625 0.0203125 0.019791666666666666
0 0.66328125 0.6979166666666666 0.0171875 0.0125
0 0.67421875 0.7645833333333333 0.03359375 0.020833333333333332
0 0.69453125 0.865625 0.05 0.03125
0 0.6828125 0.7270833333333333 0.02421875 0.013541666666666667
0 0.68515625 0.734375 0.0296875 0.01875
0 0.696875 0.7020833333333333 0.02421875 0.013541666666666667
0 0.69921875 0.7135416666666666 0.01796875 0.0125
0 0.840625 0.6895833333333333 0.278125 0.06458333333333334
0 0.71953125 0.7875 0.03359375 0.029166666666666667
0 0.725 0.7666666666666667 0.0359375 0.017708333333333333
0 0.740625 0.8052083333333333 0.03984375 0.027083333333333334
0 0.734375 0.7427083333333333 0.025 0.022916666666666665
0 0.73515625 0.7208333333333333 0.0234375 0.014583333333333334
0 0.74921875 0.8416666666666667 0.0390625 0.029166666666666667
0 0.75078125 0.7083333333333334 0.02890625 0.011458333333333333
0 0.7671875 0.7520833333333333 0.0359375 0.017708333333333333
0 0.790625 0.8989583333333333 0.05078125 0.03958333333333333
0 0.7875 0.7770833333333333 0.02734375 0.022916666666666665
0 0.7921875 0.73125 0.0328125 0.014583333333333334
0 0.81328125 0.846875 0.03515625 0.023958333333333335
0 0.81875 0.815625 0.0359375 0.015625
0 0.8171875 0.7947916666666667 0.02421875 0.015625
0 0.840625 0.9354166666666667 0.06171875 0.03958333333333333
0 0.83046875 0.74375 0.0265625 0.014583333333333334
0 0.83984375 0.8822916666666667 0.04140625 0.023958333333333335
0 0.84921875 0.7270833333333333 0.01640625 0.008333333333333333
0 0.8734375 0.7791666666666667 0.03515625 0.022916666666666665
0 0.871875 0.740625 0.02421875 0.017708333333333333
0 0.88046875 0.746875 0.01953125 0.014583333333333334
0 0.9046875 0.7385416666666667 0.01953125 0.010416666666666666
0 0.9015625 0.7072916666666667 0.0109375 0.010416666666666666
0 0.9125 0.90625 0.03125 0.034375
0 0.91171875 0.7541666666666667 0.0171875 0.016666666666666666
0 0.915625 0.70625 0.01171875 0.008333333333333333
0 0.92578125 0.696875 0.0140625 0.014583333333333334
0 0.9375 0.690625 0.01953125 0.007291666666666667
0 0.9421875 0.7104166666666667 0.02421875 0.011458333333333333
0 0.9515625 0.809375 0.0296875 0.01875
0 0.9546875 0.8427083333333333 0.02890625 0.023958333333333335
0 0.95703125 0.7385416666666667 0.0328125 0.023958333333333335
0 0.959375 0.6854166666666667 0.01171875 0.010416666666666666
0 0.96796875 0.75625 0.0296875 0.021875
0 0.965625 0.7229166666666667 0.01640625 0.010416666666666666
0 0.9859375 0.7885416666666667 0.02734375 0.022916666666666665
0 0.98125 0.7104166666666667 0.0171875 0.01875
0 0.9875 0.9895833333333334 0.021875 0.01875
0 0.98828125 0.684375 0.02265625 0.011458333333333333
0 0.9875 0.6760416666666667 0.0109375 0.008333333333333333
0 0.99296875 0.734375 0.0125 0.008333333333333333
0 0.99453125 0.7114583333333333 0.01015625 0.011458333333333333