0 0.03671875 0.45 0.0328125 0.023958333333333335
0 0.0484375 0.796875 0.05390625 0.07916666666666666
0 0.059375 0.44895833333333335 0.0203125 0.021875
0 0.08046875 0.790625 0.05234375 0.11145833333333334
0 0.10625 0.578125 0.01953125 0.03229166666666667
0 0.23359375 0.44479166666666664 0.0109375 0.029166666666666667
0 0.265625 0.5635416666666667 0.0296875 0.027083333333333334
0 0.25859375 0.4583333333333333 0.00703125 0.016666666666666666
0 0.334375 0.59375 0.01953125 0.021875
0 0.353125 0.5802083333333333 0.0171875 0.016666666666666666
0 0.3625 0.38333333333333336 0.0140625 0.028125
0 0.3796875 0.5947916666666667 0.02578125 0.03333333333333333
0 0.45859375 0.5802083333333333 0.02421875 0.022916666666666665
0 0.51796875 0.5885416666666666 0.121875 0.20208333333333334
0 0.50859375 0.575 0.01953125 0.022916666666666665
0 0.56484375 0.5864583333333333 0.0171875 0.027083333333333334
0 0.61015625 0.5802083333333333 0.0234375 0.022916666666666665
0 0.6390625 0.5666666666666667 0.021875 0.009375
0 0.64140625 0.5864583333333333 0.0140625 0.023958333333333335
0 0.8015625 0.5739583333333333 0.021875 0.028125
0 0.8296875 0.5864583333333333 0.0171875 0.011458333333333333
0 0.840625 0.5947916666666667 0.03046875 0.014583333333333334
0 0.87734375 0.5822916666666667 0.01953125 0.01875
0 0.87890625 0.5895833333333333 0.0203125 0.017708333333333333
0 0.92265625 0.5822916666666667 0.015625 0.01875
0 0.92734375 0.6145833333333334 0.02421875 0.020833333333333332
0 0.97578125 0.5947916666666667 0.0265625 0.027083333333333334