0 0.5953125 0.34791666666666665 0.021875 0.025
0 0.6296875 0.3333333333333333 0.0140625 0.029166666666666667
0 0.63125 0.36041666666666666 0.0125 0.025
0 0.640625 0.12395833333333334 0.0171875 0.022916666666666665
0 0.653125 0.340625 0.0296875 0.019791666666666666
0 0.6625 0.3541666666666667 0.0296875 0.011458333333333333
0 0.6609375 0.12291666666666666 0.0234375 0.03333333333333333
0 0.6859375 0.36041666666666666 0.0140625 0.03333333333333333
0 0.7109375 0.35104166666666664 0.0140625 0.021875
0 0.7109375 0.37604166666666666 0.0140625 0.010416666666666666
0 0.721875 0.390625 0.0234375 0.026041666666666668
0 0.74453125 0.3104166666666667 0.0171875 0.017708333333333333
0 0.7578125 0.3885416666666667 0.01484375 0.017708333333333333
0 0.790625 0.32916666666666666 0.0234375 0.027083333333333334
0 0.809375 0.184375 0.01484375 0.015625
0 0.8875 0.196875 0.02578125 0.020833333333333332