0 0.1046875 0.18645833333333334 0.0578125 0.09479166666666666
0 0.371875 0.5864583333333333 0.11953125 0.33645833333333336
0 0.4921875 0.12291666666666666 0.02421875 0.03125
0 0.50625 0.128125 0.01640625 0.023958333333333335
0 0.51953125 0.15104166666666666 0.0203125 0.019791666666666666
0 0.6671875 0.5479166666666667 0.20859375 0.43020833333333336
0 0.590625 0.09895833333333333 0.0171875 0.03125
0 0.83515625 0.15416666666666667 0.04140625 0.08229166666666667
0 0.83359375 0.0875 0.02421875 0.08541666666666667
0 0.89765625 0.184375 0.0796875 0.36770833333333336
0 0.925 0.08229166666666667 0.01953125 0.009375
0 0.925 0.10104166666666667 0.0109375 0.023958333333333335
0 0.97265625 0.10520833333333333 0.0390625 0.08854166666666667