0 0.10703125 0.29791666666666666 0.0453125 0.0625
0 0.159375 0.453125 0.01015625 0.017708333333333333
0 0.29765625 0.35 0.0359375 0.040625
0 0.38125 0.45208333333333334 0.009375 0.009375
0 0.425 0.16458333333333333 0.0296875 0.020833333333333332
0 0.48046875 0.45208333333333334 0.0046875 0.005208333333333333
0 0.4875 0.46041666666666664 0.00703125 0.017708333333333333
0 0.52421875 0.46145833333333336 0.0171875 0.015625
0 0.53359375 0.4395833333333333 0.00625 0.016666666666666666
0 0.56796875 0.44166666666666665 0.0078125 0.015625
0 0.5796875 0.4510416666666667 0.0046875 0.004166666666666667
0 0.5953125 0.4354166666666667 0.00625 0.013541666666666667
0 0.61796875 0.4552083333333333 0.0046875 0.007291666666666667