0 0.378125 0.5666666666666667 0.03671875 0.028125
0 0.4328125 0.18020833333333333 0.01015625 0.010416666666666666
0 0.45703125 0.17604166666666668 0.0078125 0.017708333333333333
0 0.46015625 0.18541666666666667 0.0078125 0.003125
0 0.48984375 0.20104166666666667 0.0109375 0.00625
0 0.5703125 0.209375 0.009375 0.010416666666666666
0 0.59375 0.19166666666666668 0.00390625 0.010416666666666666
0 0.69453125 0.21354166666666666 0.00703125 0.007291666666666667
0 0.709375 0.2760416666666667 0.009375 0.010416666666666666
0 0.75703125 0.20520833333333333 0.0046875 0.004166666666666667
0 0.88984375 0.21354166666666666 0.009375 0.007291666666666667
0 0.934375 0.209375 0.009375 0.004166666666666667
0 0.95546875 0.21354166666666666 0.0046875 0.00625
0 0.96796875 0.21145833333333333 0.00703125 0.013541666666666667
0 0.9796875 0.21458333333333332 0.0078125 0.014583333333333334
0 0.9890625 0.21666666666666667 0.00078125 0.010416666666666666
0 0.99140625 0.20625 0.00703125 0.007291666666666667