0 0.015625 0.016666666666666666 0.021875 0.027083333333333334
0 0.04921875 0.017708333333333333 0.0296875 0.025
0 0.096875 0.17708333333333334 0.0203125 0.020833333333333332
0 0.11875 0.2947916666666667 0.01328125 0.021875
0 0.1359375 0.06666666666666667 0.0171875 0.022916666666666665
0 0.1359375 0.029166666666666667 0.01484375 0.028125
0 0.14453125 0.23125 0.01328125 0.013541666666666667
0 0.2046875 0.203125 0.03046875 0.034375
0 0.21015625 0.014583333333333334 0.0171875 0.029166666666666667
0 0.23046875 0.18958333333333333 0.0203125 0.01875
0 0.23359375 0.12916666666666668 0.0140625 0.017708333333333333
0 0.25625 0.08645833333333333 0.0203125 0.025
0 0.2640625 0.0375 0.02109375 0.03125
0 0.30625 0.20729166666666668 0.01796875 0.015625
0 0.3375 0.08645833333333333 0.021875 0.025
0 0.346875 0.14270833333333333 0.01796875 0.020833333333333332
0 0.36015625 0.03333333333333333 0.021875 0.022916666666666665
0 0.36328125 0.10104166666666667 0.01640625 0.01875
0 0.3984375 0.12395833333333334 0.01796875 0.027083333333333334
0 0.4296875 0.11666666666666667 0.01171875 0.01875
0 0.49921875 0.27395833333333336 0.01484375 0.025
0 0.528125 0.259375 0.01171875 0.01875
0 0.53671875 0.20625 0.015625 0.017708333333333333
0 0.58828125 0.153125 0.0171875 0.01875
0 0.61328125 0.040625 0.01796875 0.021875
0 0.7171875 0.023958333333333335 0.0234375 0.027083333333333334
0 0.740625 0.17083333333333334 0.01171875 0.014583333333333334
0 0.790625 0.007291666666666667 0.02421875 0.014583333333333334
0 0.82578125 0.10833333333333334 0.01875 0.01875
0 0.8578125 0.12291666666666666 0.0125 0.019791666666666666