0 0.0421875 0.190625 0.05 0.028125
0 0.1125 0.5510416666666667 0.134375 0.07604166666666666
0 0.10546875 0.65 0.109375 0.09166666666666666
0 0.084375 0.234375 0.0390625 0.029166666666666667
0 0.10546875 0.10833333333333334 0.0359375 0.058333333333333334
0 0.1203125 0.46770833333333334 0.05625 0.026041666666666668
0 0.16875 0.578125 0.084375 0.08958333333333333
0 0.1828125 0.46145833333333336 0.1015625 0.05
0 0.19140625 0.5666666666666667 0.0859375 0.10833333333333334
0 0.1921875 0.24375 0.06484375 0.03958333333333333
0 0.19140625 0.3 0.0296875 0.03125
0 0.19765625 0.32083333333333336 0.025 0.027083333333333334
0 0.22578125 0.515625 0.07890625 0.05
0 0.24296875 0.7583333333333333 0.1125 0.1625
0 0.20703125 0.35208333333333336 0.03515625 0.01875
0 0.26640625 0.44895833333333335 0.08671875 0.1
0 0.2453125 0.05625 0.03515625 0.03229166666666667
0 0.2796875 0.5541666666666667 0.09765625 0.04479166666666667
0 0.259375 0.30833333333333335 0.03671875 0.04479166666666667
0 0.30546875 0.29791666666666666 0.0625 0.051041666666666666
0 0.3046875 0.240625 0.053125 0.04375
0 0.340625 0.440625 0.0515625 0.03229166666666667
0 0.3375 0.096875 0.03828125 0.0375
0 0.3859375 0.3802083333333333 0.13203125 0.071875
0 0.37890625 0.234375 0.07265625 0.05520833333333333
0 0.3890625 0.09375 0.04921875 0.034375
0 0.403125 0.5166666666666667 0.046875 0.029166666666666667
0 0.41875 0.4979166666666667 0.040625 0.025
0 0.46875 0.525 0.0453125 0.03125
0 0.54765625 0.33958333333333335 0.065625 0.04375
0 0.53515625 0.38958333333333334 0.034375 0.034375
0 0.60078125 0.19583333333333333 0.10703125 0.06666666666666667
0 0.6234375 0.359375 0.07109375 0.04791666666666667
0 0.69296875 0.31354166666666666 0.0546875 0.028125
0 0.746875 0.07291666666666667 0.065625 0.041666666666666664
0 0.81328125 0.334375 0.05859375 0.05520833333333333
0 0.9 0.16041666666666668 0.05703125 0.04479166666666667
0 0.92421875 0.30833333333333335 0.04453125 0.04479166666666667