2 0.0859375 0.18645833333333334 0.05625 0.01875
2 0.1953125 0.3645833333333333 0.0390625 0.05520833333333333
2 0.20078125 0.35520833333333335 0.0421875 0.071875
2 0.2765625 0.36875 0.05 0.071875
2 0.2765625 0.3729166666666667 0.0390625 0.05520833333333333
2 0.3359375 0.38645833333333335 0.03125 0.04895833333333333
2 0.3578125 0.38229166666666664 0.0484375 0.06354166666666666
2 0.35546875 0.396875 0.0296875 0.04583333333333333
2 0.4375 0.4 0.05234375 0.05520833333333333
2 0.4640625 0.39166666666666666 0.05625 0.06354166666666666
2 0.54140625 0.4114583333333333 0.0546875 0.06354166666666666
2 0.5546875 0.40208333333333335 0.0671875 0.07083333333333333
2 0.6390625 0.42083333333333334 0.0609375 0.090625
2 0.65390625 0.41875 0.03203125 0.075
2 0.6515625 0.39166666666666666 0.02578125 0.023958333333333335