0 0.0328125 0.91875 0.06484375 0.15833333333333333
0 0.07734375 0.51875 0.0703125 0.15833333333333333
0 0.0859375 0.078125 0.08359375 0.06041666666666667
0 0.11015625 0.023958333333333335 0.06015625 0.04479166666666667
0 0.14375 0.10625 0.05 0.08958333333333333
0 0.16640625 0.4083333333333333 0.05234375 0.096875
0 0.271875 0.390625 0.2390625 0.5114583333333333
0 0.22734375 0.013541666666666667 0.0453125 0.027083333333333334
0 0.34765625 0.96875 0.2171875 0.058333333333333334
0 0.41953125 0.7614583333333333 0.1109375 0.12708333333333333
0 0.5765625 0.328125 0.1265625 0.1
0 0.73125 0.5645833333333333 0.39765625 0.5166666666666667