0 0.04140625 0.5229166666666667 0.0171875 0.046875
0 0.0453125 0.5875 0.02578125 0.06875
0 0.046875 0.5541666666666667 0.021875 0.041666666666666664
0 0.07734375 0.5989583333333334 0.028125 0.08541666666666667
0 0.271875 0.5166666666666667 0.02578125 0.046875
0 0.30390625 0.48333333333333334 0.03046875 0.046875
0 0.3296875 0.5427083333333333 0.0359375 0.065625
0 0.39375 0.340625 0.04609375 0.13541666666666666
0 0.434375 0.378125 0.04375 0.07916666666666666
0 0.44609375 0.53125 0.02578125 0.0625
0 0.6515625 0.3885416666666667 0.37578125 0.5541666666666667
0 0.4984375 0.25625 0.0359375 0.08541666666666667
0 0.56171875 0.30625 0.0203125 0.071875
0 0.6 0.17395833333333333 0.0609375 0.125
0 0.68671875 0.7145833333333333 0.0484375 0.08541666666666667
0 0.72421875 0.6604166666666667 0.02578125 0.0625
0 0.821875 0.3385416666666667 0.06953125 0.059375
0 0.83125 0.5333333333333333 0.0578125 0.08541666666666667
0 0.853125 0.32395833333333335 0.06796875 0.10104166666666667
0 0.9203125 0.26979166666666665 0.09609375 0.13229166666666667
0 0.921875 0.4322916666666667 0.0421875 0.121875
0 0.93359375 0.46041666666666664 0.04765625 0.159375