0 0.04296875 0.640625 0.05625 0.05625
0 0.13359375 0.671875 0.059375 0.051041666666666666
0 0.4421875 0.8177083333333334 0.1125 0.08333333333333333
0 0.503125 0.5614583333333333 0.084375 0.058333333333333334
0 0.50390625 0.771875 0.065625 0.06979166666666667
0 0.50859375 0.6989583333333333 0.071875 0.034375
0 0.5625 0.5916666666666667 0.06953125 0.06458333333333334
0 0.5703125 0.7479166666666667 0.08125 0.06979166666666667
0 0.5859375 0.48854166666666665 0.08828125 0.06770833333333333
0 0.64375 0.6729166666666667 0.0578125 0.06979166666666667
0 0.66640625 0.5854166666666667 0.06328125 0.0625
0 0.69765625 0.415625 0.07421875 0.06770833333333333
0 0.80546875 0.490625 0.08515625 0.07916666666666666
0 0.9078125 0.5770833333333333 0.0921875 0.04375
0 0.9515625 0.76875 0.09609375 0.058333333333333334