0 0.0359375 0.771875 0.0546875 0.11875
0 0.02265625 0.6364583333333333 0.01953125 0.042708333333333334
0 0.115625 0.6322916666666667 0.028125 0.03854166666666667
0 0.13203125 0.5979166666666667 0.03046875 0.03125
0 0.1421875 0.5729166666666666 0.0203125 0.022916666666666665
0 0.26484375 0.8052083333333333 0.06875 0.134375
0 0.3484375 0.6760416666666667 0.03515625 0.05520833333333333
0 0.50546875 0.7666666666666667 0.0421875 0.10104166666666667
0 0.51015625 0.6666666666666666 0.04140625 0.0625
0 0.54296875 0.6947916666666667 0.046875 0.07083333333333333
0 0.5765625 0.6895833333333333 0.01796875 0.052083333333333336
0 0.61171875 0.7041666666666667 0.028125 0.075
0 0.6921875 0.7354166666666667 0.14765625 0.20625
0 0.76640625 0.653125 0.0359375 0.04895833333333333
0 0.771875 0.7 0.0390625 0.06979166666666667
0 0.81015625 0.715625 0.04140625 0.08020833333333334
0 0.8078125 0.6458333333333334 0.03515625 0.03854166666666667
0 0.828125 0.7447916666666666 0.06796875 0.12083333333333333
0 0.88515625 0.728125 0.06015625 0.09791666666666667
0 0.93125 0.7260416666666667 0.13671875 0.19583333333333333
0 0.89921875 0.6697916666666667 0.02421875 0.04791666666666667
0 0.97109375 0.6104166666666667 0.021875 0.028125