0 0.16875 0.2520833333333333 0.0703125 0.052083333333333336
0 0.14921875 0.30625 0.0234375 0.1
0 0.15625 0.396875 0.02421875 0.07395833333333333
0 0.15859375 0.46979166666666666 0.01796875 0.07083333333333333
0 0.16796875 0.5416666666666666 0.0296875 0.06458333333333334
0 0.16796875 0.6197916666666666 0.0296875 0.08125
0 0.17265625 0.6958333333333333 0.02890625 0.08229166666666667
0 0.1734375 0.7635416666666667 0.0296875 0.06875
0 0.215625 0.7864583333333334 0.0453125 0.05
0 0.315625 0.621875 0.24296875 0.34375
0 0.23203125 0.2520833333333333 0.05390625 0.06145833333333333
0 0.2765625 0.7958333333333333 0.09453125 0.052083333333333336
0 0.303125 0.25 0.1109375 0.05520833333333333
0 0.2640625 0.7875 0.01796875 0.028125
0 0.315625 0.24583333333333332 0.021875 0.03333333333333333
0 0.3421875 0.8114583333333333 0.04765625 0.03854166666666667
0 0.37890625 0.25416666666666665 0.0640625 0.053125
0 0.40234375 0.8197916666666667 0.07734375 0.04479166666666667
0 0.43125 0.24895833333333334 0.0546875 0.04375
0 0.46796875 0.809375 0.04609375 0.07604166666666666
0 0.46953125 0.38645833333333335 0.028125 0.11041666666666666
0 0.471875 0.6666666666666666 0.0328125 0.084375
0 0.47109375 0.73125 0.028125 0.07395833333333333
0 0.47265625 0.49375 0.0296875 0.07708333333333334
0 0.47734375 0.5791666666666667 0.0359375 0.07708333333333334
0 0.475 0.2833333333333333 0.0265625 0.11458333333333333
0 0.6578125 0.6010416666666667 0.3046875 0.4479166666666667