0 0.05234375 0.5125 0.0140625 0.013541666666666667
0 0.0859375 0.64375 0.05703125 0.036458333333333336
0 0.134375 0.5041666666666667 0.0140625 0.016666666666666666
0 0.28046875 0.5395833333333333 0.0359375 0.03125
0 0.3296875 0.5375 0.03515625 0.035416666666666666
0 0.40234375 0.5260416666666666 0.00625 0.03854166666666667
0 0.40703125 0.5239583333333333 0.01484375 0.029166666666666667
0 0.44296875 0.5322916666666667 0.04921875 0.042708333333333334
0 0.4296875 0.5114583333333333 0.0203125 0.016666666666666666
0 0.6953125 0.5177083333333333 0.015625 0.023958333333333335
0 0.72890625 0.5375 0.03046875 0.0375
0 0.7546875 0.4822916666666667 0.021875 0.010416666666666666
0 0.8109375 0.628125 0.03359375 0.034375
0 0.9578125 0.43125 0.01328125 0.028125